%YAML:1.0
---
camera_matrix: !!opencv-matrix
   rows: 3
   cols: 3
   dt: d
   data: [ 6.8241845608666722e+02, 0., 4.7529697124753091e+02, 0.,
       6.8346262181273266e+02, 2.7783933906358436e+02, 0., 0., 1. ]
distortion_coeff: !!opencv-matrix
   rows: 1
   cols: 5
   dt: d
   data: [ 1.5285051158445664e-01, -4.4610382071522448e-01,
       -3.2242742762834745e-03, -2.9342961086499960e-03,
       3.1574058209279299e-01 ]
